text,pos,lemmas,mean sentence length,std sentence length,lexical density,variance,burstiness,saliency,sentiment,sentiment deviation,ttr,depth,head,sub clauses,coord clauses,branching,balanced,label,timestamp
Lets discuss The science of ocean gyre plastic accumulation zone solar radiation UV degradation rate models. What are your thoughts?,"['NNS', 'VBP', 'DT', 'NN', 'IN', 'JJ', 'NN', 'NN', 'NN', 'CD', 'JJ', 'NN', 'NNP', 'NN', 'NN', 'NNS', '.', 'WP', 'VBP', 'PRP$', 'NNS', '.']","['Lets', 'discuss', 'The', 'science', 'of', 'ocean', 'gyre', 'plastic', 'accumulation', 'zone', 'solar', 'radiation', 'UV', 'degradation', 'rate', 'model', '.', 'What', 'be', 'your', 'thought', '?']",11.0,6.0,0.6818181818181818,0.0008364551459864453,0.8320502943378437,0.034759358288770054,-0.5267,0.26335,1.0,8,0.02683823529411765,0.0,0.0,-0.23529411764705882,0.5,LLM,2026-05-28_181445
"The science of plastic accumulation in ocean gyres is a complex interplay between fluid dynamics and polymer chemistry. Modeling the degradation rate of these plastics under solar radiation (UV) is currently the ""holy grail"" of quantifying marine pollution.

Here are the key pillars of these models:

 1. The Physics of Accumulation (The ""Trap"")
   Ekman Transport: Winds and the Coriolis effect drive surface waters toward the center of the gyres, creating a localized downwelling zone that traps buoyant plastics.
   Stokes Drift: Surface wave motion pushes floating debris forward, which is then steered by geostrophic currents into high-density zones like the Great Pacific Garbage Patch (GPGP).
   Modeling Challenge: We struggle to account for the ""missing plastic""—much of the debris sinks, is ingested, or is buried in sediment, making mass-balance models difficult to calibrate.

 2. UV Degradation (Photodegradation)
   Photo-oxidation: UV radiation causes chain scission in polymers (PE, PP, PS), leading to surface embrittlement and fragmentation.
   The Fragmentation Paradox: UV degradation doesn't ""remove"" the plastic; it transforms large items into microplastics and nanoplastics. This increases the surface-area-to-volume ratio, which paradoxically accelerates further degradation but also increases ecological bioavailability.
   Modeling Constraints: Degradation rates are highly non-linear. They depend on:
       Optical depth: How deep the plastic is in the water column.
       Biofouling: Colonies of microorganisms (the ""plastisphere"") create an opaque layer that shields the plastic from UV radiation, effectively acting as a ""sunscreen"" that slows degradation.

 3. Current Modeling Hurdles
   The ""Residence Time"" Problem: We don't have accurate models for how long a specific polymer stays in the ""active"" UV zone before sinking or washing ashore.
   Thermal vs. Photo-oxidation: In high-UV zones, local temperature fluctuations can alter the kinetics of oxidation. Distinguishing between thermal degradation and UV-driven degradation in open-ocean samples is analytically rigorous.
   Standardization: Lab-based degradation models often use accelerated weathering chambers (xenon lamps) that fail to replicate the complex, shifting spectral environment of the ocean surface (salt spray interference, fluctuating irradiance, and sea-state turbulence).

 My Perspective
The field is shifting from simple mass-balance models (counting items) to kinetic-based fate models. 

The most exciting developments are in coupled hydrodynamic-biogeochemical models, which attempt to track the ""lifespan"" of a polymer from macro-debris to nanoplastic. We are realizing that the ""Great Garbage Patches"" aren't static islands; they are dynamic chemical reactors where plastic is continuously being shredded and colonized. 

Where do you think the biggest gap in these models is? Are you more interested in the hydrodynamic transport side or the chemical degradation kinetics?","['DT', 'NN', 'IN', 'JJ', 'NN', 'IN', 'JJ', 'NNS', 'VBZ', 'DT', 'JJ', 'NN', 'IN', 'NN', 'NNS', 'CC', 'JJ', 'NN', '.', 'VBG', 'DT', 'NN', 'NN', 'IN', 'DT', 'NNS', 'IN', 'JJ', 'NN', '(', 'NNP', ')', 'VBZ', 'RB', 'DT', '``', 'JJ', 'NN', ""''"", 'IN', 'VBG', 'JJ', 'NN', '.', 'RB', 'VBP', 'DT', 'JJ', 'NNS', 'IN', 'DT', 'NNS', ':', 'CD', '.', 'DT', 'NNPS', 'IN', 'NNP', '(', 'DT', '``', 'NNP', ""''"", ')', 'NNP', 'NNP', ':', 'NNS', 'CC', 'DT', 'NNP', 'NN', 'NN', 'NN', 'NNS', 'IN', 'DT', 'NN', 'IN', 'DT', 'NNS', ',', 'VBG', 'DT', 'JJ', 'NN', 'NN', 'WDT', 'VBZ', 'JJ', 'NNS', '.', 'NNS', 'NN', ':', 'NN', 'VBP', 'NN', 'NNS', 'VBG', 'JJ', 'NN', ',', 'WDT', 'VBZ', 'RB', 'VBN', 'IN', 'JJ', 'NNS', 'IN', 'JJ', 'NNS', 'IN', 'DT', 'NNP', 'NNP', 'NNP', 'NNP', '(', 'NNP', ')', '.', 'VBG', 'NN', ':', 'PRP', 'VBP', 'TO', 'VB', 'IN', 'DT', '``', 'JJ', 'NN', ""''"", 'RB', 'RB', 'IN', 'DT', 'JJ', 'NNS', ',', 'VBZ', 'VBN', ',', 'CC', 'VBZ', 'VBN', 'IN', 'NN', ',', 'VBG', 'JJ', 'NNS', 'JJ', 'TO', 'VB', '.', 'CD', '.', 'JJ', 'NNP', '(', 'NNP', ')', 'NN', ':', 'NNP', 'NN', 'VBZ', 'NN', 'NN', 'IN', 'NNS', '(', 'NNP', ',', 'NNP', ',', 'NNP', ')', ',', 'VBG', 'TO', 'VB', 'NN', 'CC', 'NN', '.', 'DT', 'NNP', 'NNP', ':', 'JJ', 'NN', 'VBZ', 'RB', '``', 'VB', ""''"", 'DT', 'NN', ':', 'PRP', 'VBZ', 'JJ', 'NNS', 'IN', 'NNS', 'CC', 'NNS', '.', 'DT', 'VBZ', 'DT', 'JJ', 'NN', ',', 'WDT', 'RB', 'VBZ', 'JJ', 'NN', 'CC', 'RB', 'VBZ', 'JJ', 'NN', '.', 'VBG', 'NNS', ':', 'NN', 'NNS', 'VBP', 'RB', 'JJ', '.', 'PRP', 'VBP', 'IN', ':', 'JJ', 'NN', ':', 'WRB', 'RB', 'DT', 'NN', 'VBZ', 'IN', 'DT', 'NN', 'NN', '.', 'NN', ':', 'NNS', 'IN', 'NNS', '(', 'DT', '``', 'JJ', ""''"", ')', 'VBP', 'DT', 'JJ', 'NN', 'WDT', 'VBZ', 'DT', 'NN', 'IN', 'NNP', 'NN', ',', 'RB', 'VBG', 'IN', 'DT', '``', 'JJ', ""''"", 'WDT', 'VBZ', 'NN', '.', 'CD', '.', 'JJ', 'VBG', 'VBZ', 'DT', '``', 'NN', 'NNP', ""''"", 'NN', ':', 'PRP', 'VBP', 'RB', 'VB', 'JJ', 'NNS', 'IN', 'WRB', 'JJ', 'DT', 'JJ', 'NN', 'NNS', 'IN', 'DT', '``', 'JJ', ""''"", 'NNP', 'NN', 'IN', 'NN', 'CC', 'VBG', 'RB', '.', 'NNP', 'IN', 'NNP', ':', 'IN', 'JJ', 'NNS', ',', 'JJ', 'NN', 'NNS', 'MD', 'VB', 'DT', 'NNS', 'IN', 'NN', '.', 'VBG', 'IN', 'JJ', 'NN', 'CC', 'JJ', 'NN', 'IN', 'JJ', 'NNS', 'VBZ', 'RB', 'JJ', '.', 'NN', ':', 'JJ', 'NN', 'NNS', 'RB', 'VBP', 'JJ', 'NN', 'NNS', '(', 'NNP', 'NNS', ')', 'WDT', 'VBP', 'TO', 'VB', 'DT', 'NN', ',', 'VBG', 'JJ', 'NN', 'IN', 'DT', 'JJ', 'NN', '(', 'JJ', 'NN', 'NN', ',', 'VBG', 'NN', ',', 'CC', 'JJ', 'NN', ')', '.', 'PRP$', 'JJ', 'DT', 'NN', 'VBZ', 'VBG', 'IN', 'JJ', 'NN', 'NNS', '(', 'VBG', 'NNS', ')', 'TO', 'JJ', 'NN', 'NNS', '.', 'DT', 'RBS', 'JJ', 'NNS', 'VBP', 'IN', 'JJ', 'JJ', 'NNS', ',', 'WDT', 'VBP', 'TO', 'VB', 'DT', '``', 'JJ', ""''"", 'IN', 'DT', 'NN', 'IN', 'JJ', 'TO', 'JJ', '.', 'PRP', 'VBP', 'VBG', 'IN', 'DT', '``', 'NNP', 'NN', 'NNP', ""''"", 'VBP', 'RB', 'JJ', 'NNS', ':', 'PRP', 'VBP', 'JJ', 'JJ', 'NNS', 'WRB', 'NN', 'VBZ', 'RB', 'VBG', 'VBN', 'CC', 'VBN', '.', 'WRB', 'VBP', 'PRP', 'VB', 'DT', 'JJS', 'NN', 'IN', 'DT', 'NNS', 'VBZ', '.', 'NNP', 'PRP', 'RBR', 'JJ', 'IN', 'DT', 'JJ', 'NN', 'NN', 'CC', 'DT', 'JJ', 'NN', 'NNS', '.']","['The', 'science', 'of', 'plastic', 'accumulation', 'in', 'ocean', 'gyre', 'be', 'a', 'complex', 'interplay', 'between', 'fluid', 'dynamic', 'and', 'polymer', 'chemistry', '.', 'Modeling', 'the', 'degradation', 'rate', 'of', 'these', 'plastic', 'under', 'solar', 'radiation', '(', 'UV', ')', 'be', 'currently', 'the', '``', 'holy', 'grail', ""''"", 'of', 'quantify', 'marine', 'pollution', '.', 'Here', 'be', 'the', 'key', 'pillar', 'of', 'these', 'model', ':', '1', '.', 'The', 'Physics', 'of', 'Accumulation', '(', 'The', '``', 'Trap', ""''"", ')', 'Ekman', 'Transport', ':', 'Winds', 'and', 'the', 'Coriolis', 'effect', 'drive', 'surface', 'water', 'toward', 'the', 'center', 'of', 'the', 'gyre', ',', 'create', 'a', 'localized', 'downwelling', 'zone', 'that', 'trap', 'buoyant', 'plastic', '.', 'Stokes', 'Drift', ':', 'Surface', 'wave', 'motion', 'push', 'float', 'debris', 'forward', ',', 'which', 'be', 'then', 'steer', 'by', 'geostrophic', 'current', 'into', 'high-density', 'zone', 'like', 'the', 'Great', 'Pacific', 'Garbage', 'Patch', '(', 'GPGP', ')', '.', 'Modeling', 'Challenge', ':', 'We', 'struggle', 'to', 'account', 'for', 'the', '``', 'missing', 'plastic', ""''"", '—', 'much', 'of', 'the', 'debris', 'sink', ',', 'be', 'ingest', ',', 'or', 'be', 'bury', 'in', 'sediment', ',', 'make', 'mass-balance', 'model', 'difficult', 'to', 'calibrate', '.', '2', '.', 'UV', 'Degradation', '(', 'Photodegradation', ')', 'Photo-oxidation', ':', 'UV', 'radiation', 'cause', 'chain', 'scission', 'in', 'polymer', '(', 'PE', ',', 'PP', ',', 'PS', ')', ',', 'lead', 'to', 'surface', 'embrittlement', 'and', 'fragmentation', '.', 'The', 'Fragmentation', 'Paradox', ':', 'UV', 'degradation', 'do', ""n't"", '``', 'remove', ""''"", 'the', 'plastic', ';', 'it', 'transform', 'large', 'item', 'into', 'microplastics', 'and', 'nanoplastics', '.', 'This', 'increase', 'the', 'surface-area-to-volume', 'ratio', ',', 'which', 'paradoxically', 'accelerate', 'further', 'degradation', 'but', 'also', 'increase', 'ecological', 'bioavailability', '.', 'Modeling', 'Constraints', ':', 'Degradation', 'rate', 'be', 'highly', 'non-linear', '.', 'They', 'depend', 'on', ':', 'Optical', 'depth', ':', 'How', 'deep', 'the', 'plastic', 'be', 'in', 'the', 'water', 'column', '.', 'Biofouling', ':', 'Colonies', 'of', 'microorganism', '(', 'the', '``', 'plastisphere', ""''"", ')', 'create', 'an', 'opaque', 'layer', 'that', 'shield', 'the', 'plastic', 'from', 'UV', 'radiation', ',', 'effectively', 'act', 'a', 'a', '``', 'sunscreen', ""''"", 'that', 'slow', 'degradation', '.', '3', '.', 'Current', 'Modeling', 'Hurdles', 'The', '``', 'Residence', 'Time', ""''"", 'Problem', ':', 'We', 'do', ""n't"", 'have', 'accurate', 'model', 'for', 'how', 'long', 'a', 'specific', 'polymer', 'stay', 'in', 'the', '``', 'active', ""''"", 'UV', 'zone', 'before', 'sinking', 'or', 'wash', 'ashore', '.', 'Thermal', 'vs.', 'Photo-oxidation', ':', 'In', 'high-UV', 'zone', ',', 'local', 'temperature', 'fluctuation', 'can', 'alter', 'the', 'kinetics', 'of', 'oxidation', '.', 'Distinguishing', 'between', 'thermal', 'degradation', 'and', 'UV-driven', 'degradation', 'in', 'open-ocean', 'sample', 'be', 'analytically', 'rigorous', '.', 'Standardization', ':', 'Lab-based', 'degradation', 'model', 'often', 'use', 'accelerated', 'weathering', 'chamber', '(', 'xenon', 'lamp', ')', 'that', 'fail', 'to', 'replicate', 'the', 'complex', ',', 'shift', 'spectral', 'environment', 'of', 'the', 'ocean', 'surface', '(', 'salt', 'spray', 'interference', ',', 'fluctuate', 'irradiance', ',', 'and', 'sea-state', 'turbulence', ')', '.', 'My', 'Perspective', 'The', 'field', 'be', 'shift', 'from', 'simple', 'mass-balance', 'model', '(', 'count', 'item', ')', 'to', 'kinetic-based', 'fate', 'model', '.', 'The', 'most', 'exciting', 'development', 'be', 'in', 'coupled', 'hydrodynamic-biogeochemical', 'model', ',', 'which', 'attempt', 'to', 'track', 'the', '``', 'lifespan', ""''"", 'of', 'a', 'polymer', 'from', 'macro-debris', 'to', 'nanoplastic', '.', 'We', 'be', 'realize', 'that', 'the', '``', 'Great', 'Garbage', 'Patches', ""''"", 'be', ""n't"", 'static', 'island', ';', 'they', 'be', 'dynamic', 'chemical', 'reactor', 'where', 'plastic', 'be', 'continuously', 'be', 'shred', 'and', 'colonize', '.', 'Where', 'do', 'you', 'think', 'the', 'big', 'gap', 'in', 'these', 'model', 'be', '?', 'Are', 'you', 'more', 'interested', 'in', 'the', 'hydrodynamic', 'transport', 'side', 'or', 'the', 'chemical', 'degradation', 'kinetics', '?']",21.869565217391305,10.923864373674837,0.5765407554671969,1.3857189779331415e-05,1.356511248702768,0.0027441900351599345,-0.9665,0.456663251276214,0.5427435387673957,10,0.017295143707505886,0.7391304347826086,0.4782608695652174,0.02779874515484291,0.5652173913043478,LLM,2026-05-28_181445
"Your synthesis of the ""plastisphere"" as a dynamic, reactive environment rather than a static landfill is compelling. It shifts the narrative from pollution as a location to pollution as a process.

If we look at where the ""holy grail"" remains most elusive, I find myself oscillating between the two pillars you mentioned, but I believe the largest gap lies in the interface where the two fields collide: the ""bio-physical coupling"" of particle buoyancy.

Here is why I think this is the critical bottleneck:

 1. The ""Bio-Physical"" Blind Spot
Currently, most hydrodynamic models treat plastic particles as passive tracers (Lagrangian particles) with fixed buoyancy or simple size-based settling velocities. However, as you noted, the ""plastisphere"" acts as a protective sunscreen. But it does more than that—it acts as an engine of vertical transport.

   The Weighting Game: Microorganisms, algae, and encrusting organisms (like barnacles or bryozoans) increase the density of a polymer particle. A piece of low-density polyethylene (LDPE) that should stay on the surface can quickly become negatively buoyant due to a heavy biofilm. 
   The Gap: We lack a predictive model for the biological successional rate on marine plastics. How fast does a piece of ""fresh"" litter become ""colonized"" enough to sink? If we don't know the rate at which the ""sunscreen"" layer changes the particle's buoyancy, we cannot accurately predict if it stays in the UV-rich euphotic zone or exits the system into the deep ocean. We are essentially modeling a ""moving target"" with stationary parameters.

 2. The Case for Degradation Kinetics (The Chemical Side)
If I had to choose a side, I find the chemical degradation kinetics more fascinating—specifically the ""fragmentation threshold.

We know that surface embrittlement leads to micro-cracking, but we lack a stochastic model for fracture mechanics in a turbulent, saline, and thermally oscillating environment. In the lab, we crack plastic under controlled stress. In the GPGP, plastic is subjected to:
   Mechanical Fatigue: Constant wave-slapping and turbulence (the ""tumbling"" effect).
   Chemical Weakening: Photodegradation (chain scission) + the leaching of additives (plasticizers like phthalates or flame retardants).
   Synergy: Does the leaching of additives accelerate the structural integrity failure? Most models treat these as separate processes, but in a real-world reactor, they are likely synergistic. 

 My Inquisitive Counter-Question
If we accept that the ocean is a dynamic chemical reactor, we have to address the ""Hidden Inventory""—the nanoplastic fraction.

If our kinetic models prove that UV degradation is more efficient than we previously thought, we might find that the ""missing plastic"" isn't just sinking; it is essentially dissolving into a size fraction we currently cannot measure or track.

Does the current move toward kinetic-based fate models account for the ""point of no return"" where plastic fragments become so small they behave more like organic carbon and less like structural debris? Are we on the verge of needing to integrate these models into global carbon-cycle models, or is the plastic flux still too small to be considered a significant variable in ocean biogeochemistry?","['PRP$', 'NN', 'IN', 'DT', '``', 'RB', ""''"", 'IN', 'DT', 'JJ', ',', 'JJ', 'NN', 'RB', 'IN', 'DT', 'JJ', 'NN', 'VBZ', 'VBG', '.', 'PRP', 'VBD', 'DT', 'JJ', 'IN', 'NN', 'IN', 'DT', 'NN', 'TO', 'NN', 'IN', 'DT', 'NN', '.', 'IN', 'PRP', 'VBP', 'IN', 'WRB', 'DT', '``', 'JJ', 'NN', ""''"", 'VBZ', 'RBS', 'JJ', ',', 'PRP', 'VBP', 'PRP', 'VBG', 'IN', 'DT', 'CD', 'NNS', 'PRP', 'VBN', ',', 'CC', 'PRP', 'VBP', 'DT', 'JJS', 'NN', 'VBZ', 'IN', 'DT', 'NN', 'WRB', 'DT', 'CD', 'NNS', 'RB', ':', 'DT', '``', 'JJ', 'NN', ""''"", 'IN', 'NN', 'NN', '.', 'RB', 'VBZ', 'WRB', 'PRP', 'VBP', 'DT', 'VBZ', 'DT', 'JJ', 'NN', ':', 'CD', '.', 'DT', '``', 'JJ', ""''"", 'NNP', 'NNP', 'NNP', ',', 'JJS', 'JJ', 'NNS', 'VBP', 'JJ', 'NNS', 'IN', 'JJ', 'NNS', '(', 'JJ', 'NNS', ')', 'IN', 'JJ', 'NN', 'CC', 'JJ', 'JJ', 'NN', 'NNS', '.', 'RB', ',', 'IN', 'PRP', 'VBD', ',', 'DT', '``', 'JJ', ""''"", 'VBZ', 'IN', 'DT', 'JJ', 'NN', '.', 'CC', 'PRP', 'VBZ', 'JJR', 'IN', 'DT', 'VBZ', 'PRP', 'VBZ', 'IN', 'DT', 'NN', 'IN', 'JJ', 'NN', '.', 'DT', 'JJ', 'NN', ':', 'NNP', ',', 'NN', ',', 'CC', 'VBG', 'NNS', '(', 'IN', 'NNS', 'CC', 'NNS', ')', 'VBP', 'DT', 'NN', 'IN', 'DT', 'JJ', 'NN', '.', 'DT', 'NN', 'IN', 'JJ', 'NN', '(', 'NNP', ')', 'WDT', 'MD', 'VB', 'IN', 'DT', 'NN', 'MD', 'RB', 'VB', 'RB', 'JJ', 'JJ', 'TO', 'DT', 'JJ', 'NN', '.', 'DT', 'NN', ':', 'PRP', 'VBP', 'DT', 'JJ', 'NN', 'IN', 'DT', 'JJ', 'JJ', 'NN', 'IN', 'NN', 'NNS', '.', 'WRB', 'RB', 'VBZ', 'DT', 'NN', 'IN', '``', 'JJ', ""''"", 'NN', 'VBP', '``', 'JJ', ""''"", 'RB', 'TO', 'VB', '.', 'IN', 'PRP', 'VBP', 'RB', 'VB', 'DT', 'NN', 'IN', 'WDT', 'DT', '``', 'JJ', ""''"", 'NN', 'VBZ', 'DT', 'NN', 'POS', 'NN', ',', 'PRP', 'MD', 'RB', 'RB', 'VBP', 'IN', 'PRP', 'VBZ', 'IN', 'DT', 'NNP', 'JJ', 'NN', 'CC', 'VBZ', 'DT', 'NN', 'IN', 'DT', 'JJ', 'NN', '.', 'PRP', 'VBP', 'RB', 'VBG', 'DT', '``', 'JJ', 'NN', ""''"", 'IN', 'JJ', 'NNS', '.', 'CD', '.', 'DT', 'NNP', 'IN', 'NNP', 'NNP', '(', 'DT', 'NNP', 'NNP', ')', 'IN', 'PRP', 'VBD', 'TO', 'VB', 'DT', 'NN', ',', 'PRP', 'VBP', 'DT', 'NN', 'NN', 'NNS', 'RBR', 'JJ', 'NNP', 'RB', 'DT', '``', 'NN', 'NN', '.', 'PRP', 'VBP', 'DT', 'NN', 'NN', 'VBZ', 'TO', 'NN', ',', 'CC', 'PRP', 'VBP', 'DT', 'JJ', 'NN', 'IN', 'NN', 'NNS', 'IN', 'DT', 'NN', ',', 'NN', ',', 'CC', 'RB', 'VBG', 'NN', '.', 'IN', 'DT', 'NN', ',', 'PRP', 'VBP', 'JJ', 'IN', 'JJ', 'NN', '.', 'IN', 'DT', 'NNP', ',', 'NN', 'VBZ', 'VBN', 'TO', ':', 'JJ', 'NN', ':', 'JJ', 'NN', 'CC', 'NN', '(', 'DT', '``', 'NN', ""''"", 'NN', ')', '.', 'NNP', 'NNP', ':', 'NN', '(', 'NN', 'NN', ')', 'VBZ', 'DT', 'NN', 'IN', 'NNS', '(', 'NNS', 'IN', 'NNS', 'CC', 'NN', 'NNS', ')', '.', 'NN', ':', 'VBZ', 'DT', 'NN', 'IN', 'NNS', 'VBP', 'DT', 'JJ', 'NN', 'NN', '.', 'JJS', 'NNS', 'VBP', 'DT', 'IN', 'JJ', 'NNS', ',', 'CC', 'IN', 'DT', 'NN', 'NN', ',', 'PRP', 'VBP', 'JJ', 'JJ', '.', 'PRP$', 'JJ', 'NN', 'IN', 'PRP', 'VBP', 'IN', 'DT', 'NN', 'VBZ', 'DT', 'JJ', 'NN', 'NN', ',', 'PRP', 'VBP', 'TO', 'VB', 'DT', '``', 'NNP', 'NN', ""''"", 'VBZ', 'DT', 'JJ', 'NN', '.', 'IN', 'PRP$', 'JJ', 'NNS', 'VBP', 'IN', 'NNP', 'NN', 'VBZ', 'RBR', 'JJ', 'IN', 'PRP', 'RB', 'VBD', ',', 'PRP', 'MD', 'VB', 'IN', 'DT', '``', 'JJ', 'NN', ""''"", 'VBZ', 'RB', 'RB', 'VBG', ':', 'PRP', 'VBZ', 'RB', 'VBG', 'IN', 'DT', 'NN', 'NN', 'PRP', 'RB', 'MD', 'RB', 'VB', 'CC', 'VB', '.', 'VBZ', 'DT', 'JJ', 'NN', 'IN', 'JJ', 'NN', 'NNS', 'VBP', 'IN', 'DT', '``', 'NN', 'IN', 'DT', 'NN', ""''"", 'WRB', 'NN', 'NNS', 'VBP', 'RB', 'JJ', 'PRP', 'VBP', 'RBR', 'IN', 'JJ', 'NN', 'CC', 'RBR', 'IN', 'JJ', 'NN', '.', 'VBP', 'PRP', 'IN', 'DT', 'NN', 'IN', 'VBG', 'TO', 'VB', 'DT', 'NNS', 'IN', 'JJ', 'NN', 'NNS', ',', 'CC', 'VBZ', 'DT', 'NN', 'NN', 'RB', 'RB', 'JJ', 'TO', 'VB', 'VBN', 'DT', 'JJ', 'NN', 'IN', 'JJ', 'NN', '.']","['Your', 'synthesis', 'of', 'the', '``', 'plastisphere', ""''"", 'a', 'a', 'dynamic', ',', 'reactive', 'environment', 'rather', 'than', 'a', 'static', 'landfill', 'be', 'compel', '.', 'It', 'shift', 'the', 'narrative', 'from', 'pollution', 'a', 'a', 'location', 'to', 'pollution', 'a', 'a', 'process', '.', 'If', 'we', 'look', 'at', 'where', 'the', '``', 'holy', 'grail', ""''"", 'remain', 'most', 'elusive', ',', 'I', 'find', 'myself', 'oscillate', 'between', 'the', 'two', 'pillar', 'you', 'mention', ',', 'but', 'I', 'believe', 'the', 'large', 'gap', 'lie', 'in', 'the', 'interface', 'where', 'the', 'two', 'field', 'collide', ':', 'the', '``', 'bio-physical', 'coupling', ""''"", 'of', 'particle', 'buoyancy', '.', 'Here', 'be', 'why', 'I', 'think', 'this', 'be', 'the', 'critical', 'bottleneck', ':', '1', '.', 'The', '``', 'Bio-Physical', ""''"", 'Blind', 'Spot', 'Currently', ',', 'most', 'hydrodynamic', 'model', 'treat', 'plastic', 'particle', 'a', 'passive', 'tracer', '(', 'Lagrangian', 'particle', ')', 'with', 'fixed', 'buoyancy', 'or', 'simple', 'size-based', 'settling', 'velocity', '.', 'However', ',', 'a', 'you', 'note', ',', 'the', '``', 'plastisphere', ""''"", 'act', 'a', 'a', 'protective', 'sunscreen', '.', 'But', 'it', 'do', 'more', 'than', 'that', '—', 'it', 'act', 'a', 'an', 'engine', 'of', 'vertical', 'transport', '.', 'The', 'Weighting', 'Game', ':', 'Microorganisms', ',', 'algae', ',', 'and', 'encrust', 'organism', '(', 'like', 'barnacle', 'or', 'bryozoan', ')', 'increase', 'the', 'density', 'of', 'a', 'polymer', 'particle', '.', 'A', 'piece', 'of', 'low-density', 'polyethylene', '(', 'LDPE', ')', 'that', 'should', 'stay', 'on', 'the', 'surface', 'can', 'quickly', 'become', 'negatively', 'buoyant', 'due', 'to', 'a', 'heavy', 'biofilm', '.', 'The', 'Gap', ':', 'We', 'lack', 'a', 'predictive', 'model', 'for', 'the', 'biological', 'successional', 'rate', 'on', 'marine', 'plastic', '.', 'How', 'fast', 'do', 'a', 'piece', 'of', '``', 'fresh', ""''"", 'litter', 'become', '``', 'colonized', ""''"", 'enough', 'to', 'sink', '?', 'If', 'we', 'do', ""n't"", 'know', 'the', 'rate', 'at', 'which', 'the', '``', 'sunscreen', ""''"", 'layer', 'change', 'the', 'particle', ""'s"", 'buoyancy', ',', 'we', 'can', 'not', 'accurately', 'predict', 'if', 'it', 'stay', 'in', 'the', 'UV-rich', 'euphotic', 'zone', 'or', 'exit', 'the', 'system', 'into', 'the', 'deep', 'ocean', '.', 'We', 'be', 'essentially', 'model', 'a', '``', 'moving', 'target', ""''"", 'with', 'stationary', 'parameter', '.', '2', '.', 'The', 'Case', 'for', 'Degradation', 'Kinetics', '(', 'The', 'Chemical', 'Side', ')', 'If', 'I', 'have', 'to', 'choose', 'a', 'side', ',', 'I', 'find', 'the', 'chemical', 'degradation', 'kinetics', 'more', 'fascinating', '—', 'specifically', 'the', '``', 'fragmentation', 'threshold', '.', 'We', 'know', 'that', 'surface', 'embrittlement', 'lead', 'to', 'micro-cracking', ',', 'but', 'we', 'lack', 'a', 'stochastic', 'model', 'for', 'fracture', 'mechanic', 'in', 'a', 'turbulent', ',', 'saline', ',', 'and', 'thermally', 'oscillate', 'environment', '.', 'In', 'the', 'lab', ',', 'we', 'crack', 'plastic', 'under', 'controlled', 'stress', '.', 'In', 'the', 'GPGP', ',', 'plastic', 'be', 'subject', 'to', ':', 'Mechanical', 'Fatigue', ':', 'Constant', 'wave-slapping', 'and', 'turbulence', '(', 'the', '``', 'tumbling', ""''"", 'effect', ')', '.', 'Chemical', 'Weakening', ':', 'Photodegradation', '(', 'chain', 'scission', ')', '+', 'the', 'leaching', 'of', 'additive', '(', 'plasticizer', 'like', 'phthalates', 'or', 'flame', 'retardant', ')', '.', 'Synergy', ':', 'Does', 'the', 'leaching', 'of', 'additive', 'accelerate', 'the', 'structural', 'integrity', 'failure', '?', 'Most', 'model', 'treat', 'these', 'a', 'separate', 'process', ',', 'but', 'in', 'a', 'real-world', 'reactor', ',', 'they', 'be', 'likely', 'synergistic', '.', 'My', 'Inquisitive', 'Counter-Question', 'If', 'we', 'accept', 'that', 'the', 'ocean', 'be', 'a', 'dynamic', 'chemical', 'reactor', ',', 'we', 'have', 'to', 'address', 'the', '``', 'Hidden', 'Inventory', ""''"", '—', 'the', 'nanoplastic', 'fraction', '.', 'If', 'our', 'kinetic', 'model', 'prove', 'that', 'UV', 'degradation', 'be', 'more', 'efficient', 'than', 'we', 'previously', 'think', ',', 'we', 'might', 'find', 'that', 'the', '``', 'missing', 'plastic', ""''"", 'be', ""n't"", 'just', 'sink', ';', 'it', 'be', 'essentially', 'dissolve', 'into', 'a', 'size', 'fraction', 'we', 'currently', 'can', 'not', 'measure', 'or', 'track', '.', 'Does', 'the', 'current', 'move', 'toward', 'kinetic-based', 'fate', 'model', 'account', 'for', 'the', '``', 'point', 'of', 'no', 'return', ""''"", 'where', 'plastic', 'fragment', 'become', 'so', 'small', 'they', 'behave', 'more', 'like', 'organic', 'carbon', 'and', 'less', 'like', 'structural', 'debris', '?', 'Are', 'we', 'on', 'the', 'verge', 'of', 'need', 'to', 'integrate', 'these', 'model', 'into', 'global', 'carbon-cycle', 'model', ',', 'or', 'be', 'the', 'plastic', 'flux', 'still', 'too', 'small', 'to', 'be', 'consider', 'a', 'significant', 'variable', 'in', 'ocean', 'biogeochemistry', '?']",23.92,11.352250878129853,0.5133779264214047,8.242023618764066e-06,1.0327851657113063,0.00277975766215253,-0.7335,0.3455986376362037,0.5100334448160535,11,0.02103666857571307,0.96,0.64,-0.05070017853934625,0.44,LLM,2026-05-28_181446
"Your intuition regarding the ""bio-physical coupling"" as the primary bottleneck is spot on. By treating plastic as a passive Lagrangian tracer, we are essentially running a ""weather forecast"" that ignores the clouds—the biology—which dictates the actual trajectory and fate.

To address your inquiry into the ""point of no return"" and its integration into global biogeochemistry, we are at a fascinating crossroads:

 1. The ""Point of No Return"" Structural vs. Molecular
The ""point of no return"" you describe—where plastic ceases to be a particle and becomes, effectively, a chemical species—is the Nanoplastic Threshold. 

Current kinetic models are beginning to recognize this, but we lack a rigorous transition function. Once plastic reaches the sub-micron scale, the physics shifts from continuum mechanics (stress-strain, fragmentation, buoyance) to colloidal science (Brownian motion, van der Waals forces, and interaction with dissolved organic matter). 
   The Gap: We don't have a standardized ""sink"" term for these particles. Do they incorporate into marine snow? Do they adsorb onto fecal pellets? We currently treat them as a ""disappearance"" from the macro-plastic inventory, but we lack the analytical capability to track them as a distinct ""dissolved"" phase in the open ocean.

 2. Is it a Variable in the Global Carbon Cycle?
Currently, the plastic mass flux is considered a ""rounding error"" compared to the massive cycling of natural Particulate Organic Carbon (POC). However, there are two reasons why your proposal to integrate them into global biogeochemical models is becoming urgent:

   The ""Hitchhiker"" Effect: Plastic debris is a high-surface-area vehicle. It alters the settling velocity of natural carbon. If plastic facilitates the transport of carbon to the bathypelagic zone (by acting as a ballast for marine snow), then it is a variable in the carbon sequestration equation. We are essentially talking about ""plastic-mediated carbon export.
   The ""Nutrient Mimicry"" Problem: There is growing evidence that the plastisphere alters the microbial metabolic rate of the ocean. By creating localized ""hotspots"" of high microbial activity, plastic might be accelerating the oxidation of natural organic matter. If enough surface area is available, the plastisphere could theoretically influence local nitrogen or phosphorus cycling.

 The ""Unified Fate"" Model
We are moving toward a ""Unified Fate Model"" that looks like this:
1.  Transport Module: (Hydrodynamics) - Moving the mass.
2.  Degradation Module: (Photochemical/Mechanical) - Decreasing the size.
3.  Colonization Module: (Biogeochemical) - Altering the buoyancy (The ""Bio-physical"" bottleneck you identified).
4.  Flux Module: (Ecological/Sedimentary) - The final export to the benthos.

My stance: We aren't just ""on the verge"" of needing to integrate this; we are currently flying blind. Because we don't have a reliable decay constant for plastic (how long it remains in each stage), we cannot tell if the ""missing"" 99% of plastic in the surface waters has sunk (sequestration) or dissolved (nanoplastic flux).

The big question: If we treat the ocean as a global reactor, are we looking at an accumulation crisis (it’s all at the bottom) or a dilution crisis (it’s everywhere in the water column as nanoplastic)? 

Given the structural fatigue and additive leaching you mentioned, which do you suspect is more ecologically catastrophic: the benthic burial of millions of tons of macro-plastics, or the ubiquitous presence of nanoplastics in the pelagic food web?","['PRP$', 'NN', 'VBG', 'DT', '``', 'JJ', 'NN', ""''"", 'IN', 'DT', 'JJ', 'NN', 'VBZ', 'VBN', 'IN', '.', 'IN', 'VBG', 'NN', 'IN', 'DT', 'JJ', 'JJ', 'NN', ',', 'PRP', 'VBP', 'RB', 'VBG', 'DT', '``', 'NN', 'NN', ""''"", 'WDT', 'VBZ', 'DT', 'NN', 'VBZ', 'DT', 'NN', 'NNP', 'WDT', 'VBZ', 'DT', 'JJ', 'NN', 'CC', 'NN', '.', 'TO', 'VB', 'PRP$', 'NN', 'IN', 'DT', '``', 'NN', 'IN', 'DT', 'NN', ""''"", 'CC', 'PRP$', 'NN', 'IN', 'JJ', 'NN', ',', 'PRP', 'VBP', 'IN', 'DT', 'JJ', 'NNS', ':', 'CD', '.', 'DT', '``', 'NNP', 'IN', 'NNP', 'NNP', ""''"", 'NNP', 'IN', 'NNP', 'DT', '``', 'NN', 'IN', 'DT', 'NN', ""''"", 'PRP', 'VBP', 'VB', 'WRB', 'NN', 'NNS', 'TO', 'VB', 'DT', 'NN', 'CC', 'NNS', ',', 'RB', ',', 'DT', 'NN', 'NNS', 'VBP', 'VBZ', 'DT', 'JJ', 'NNP', '.', 'NNP', 'JJ', 'NNS', 'VBP', 'VBG', 'TO', 'VB', 'DT', ',', 'CC', 'PRP', 'VBP', 'DT', 'JJ', 'NN', 'NN', '.', 'RB', 'JJ', 'VBZ', 'DT', 'JJ', 'NN', ',', 'DT', 'NNS', 'NNS', 'IN', 'NN', 'NNS', '(', 'NN', ',', 'NN', ',', 'NN', ')', 'TO', 'VB', 'NN', '(', 'JJ', 'NN', ',', 'NN', 'NN', 'NNP', 'NNS', ',', 'CC', 'NN', 'IN', 'JJ', 'JJ', 'NN', ')', '.', 'DT', 'NN', ':', 'PRP', 'VBP', 'RB', 'VB', 'DT', 'VBN', '``', 'NN', ""''"", 'NN', 'IN', 'DT', 'NNS', '.', 'VBP', 'PRP', 'VB', 'IN', 'NN', 'NN', '.', 'VBP', 'PRP', 'VB', 'IN', 'JJ', 'NNS', '.', 'PRP', 'RB', 'VBP', 'PRP', 'IN', 'DT', '``', 'NN', ""''"", 'IN', 'DT', 'JJ', 'NN', ',', 'CC', 'PRP', 'VBP', 'DT', 'JJ', 'NN', 'TO', 'VB', 'PRP', 'IN', 'DT', 'JJ', '``', 'VBN', ""''"", 'NN', 'IN', 'DT', 'JJ', 'NN', '.', 'CD', '.', 'VBZ', 'PRP', 'DT', 'JJ', 'IN', 'DT', 'NNP', 'NNP', 'NNP', '.', 'NNP', ',', 'DT', 'JJ', 'NN', 'NN', 'VBZ', 'VBN', 'DT', '``', 'NN', 'NN', ""''"", 'VBN', 'TO', 'DT', 'JJ', 'NN', 'IN', 'JJ', 'NNP', 'NNP', 'NNP', '(', 'NNP', ')', '.', 'RB', ',', 'EX', 'VBP', 'CD', 'NNS', 'WRB', 'PRP$', 'NN', 'TO', 'VB', 'PRP', 'IN', 'JJ', 'JJ', 'NNS', 'VBZ', 'VBG', 'JJ', ':', 'DT', '``', 'NNP', ""''"", 'NN', ':', 'JJ', 'NN', 'VBZ', 'DT', 'JJ', 'NN', '.', 'PRP', 'VBZ', 'DT', 'VBG', 'NN', 'IN', 'JJ', 'NN', '.', 'IN', 'JJ', 'NNS', 'DT', 'NN', 'IN', 'NN', 'TO', 'DT', 'NN', 'NN', '(', 'IN', 'VBG', 'IN', 'DT', 'NN', 'IN', 'NN', 'NN', ')', ',', 'RB', 'PRP', 'VBZ', 'DT', 'JJ', 'IN', 'DT', 'NN', 'NN', 'NN', '.', 'PRP', 'VBP', 'RB', 'VBG', 'IN', '``', 'JJ', 'NN', 'NN', '.', 'DT', '``', 'NNP', 'NNP', ""''"", 'NN', ':', 'EX', 'VBZ', 'VBG', 'NN', 'IN', 'DT', 'JJ', 'NNS', 'DT', 'JJ', 'JJ', 'NN', 'IN', 'DT', 'NN', '.', 'IN', 'VBG', 'VBN', '``', 'JJ', ""''"", 'IN', 'JJ', 'JJ', 'NN', ',', 'NN', 'MD', 'VB', 'VBG', 'DT', 'NN', 'IN', 'JJ', 'JJ', 'NN', '.', 'IN', 'JJ', 'NN', 'NN', 'VBZ', 'JJ', ',', 'DT', 'NN', 'MD', 'RB', 'VB', 'JJ', 'NN', 'CC', 'NN', 'NN', '.', 'DT', '``', 'NNP', 'NNP', ""''"", 'NN', 'PRP', 'VBP', 'VBG', 'IN', 'DT', '``', 'NNP', 'NNP', 'NNP', ""''"", 'WDT', 'VBZ', 'IN', 'DT', ':', 'CD', '.', 'NN', 'NN', ':', '(', 'NNPS', ')', ':', 'VBG', 'DT', 'NN', '.', 'CD', '.', 'NN', 'NN', ':', '(', 'NNP', ')', ':', 'VBG', 'DT', 'NN', '.', 'CD', '.', 'NN', 'NN', ':', '(', 'NNP', ')', ':', 'VBG', 'DT', 'NN', '(', 'DT', '``', 'JJ', ""''"", 'NN', 'PRP', 'VBN', ')', '.', 'CD', '.', 'NNP', 'NNP', ':', '(', 'NNP', ')', ':', 'DT', 'JJ', 'NN', 'TO', 'DT', 'NN', '.', 'PRP$', 'NN', ':', 'PRP', 'VBP', 'RB', 'RB', '``', 'IN', 'DT', 'NN', ""''"", 'IN', 'VBG', 'TO', 'VB', 'DT', ':', 'PRP', 'VBP', 'RB', 'VBG', 'NN', '.', 'IN', 'PRP', 'VBP', 'RB', 'VB', 'DT', 'JJ', 'NN', 'NN', 'IN', 'NN', '(', 'WRB', 'RB', 'PRP', 'VBZ', 'IN', 'DT', 'NN', ')', ',', 'PRP', 'MD', 'RB', 'VB', 'IN', 'DT', '``', 'NN', ""''"", 'CD', 'NN', 'IN', 'NN', 'IN', 'DT', 'NN', 'NNS', 'VBZ', 'VBN', '(', 'NN', ')', 'CC', 'VBN', '(', 'JJ', 'NN', ')', '.', 'DT', 'JJ', 'NN', ':', 'IN', 'PRP', 'VBP', 'DT', 'NN', 'IN', 'DT', 'JJ', 'NN', ',', 'VBP', 'PRP', 'VBG', 'IN', 'DT', 'NN', 'NN', '(', 'PRP', 'VBZ', 'JJ', 'DT', 'IN', 'DT', 'NN', ')', 'CC', 'DT', 'NN', 'NN', '(', 'PRP', 'VBZ', 'NN', 'RB', 'IN', 'DT', 'NN', 'NN', 'IN', 'JJ', ')', '.', 'VBN', 'DT', 'JJ', 'NN', 'CC', 'JJ', 'NN', 'PRP', 'VBD', ',', 'WDT', 'VBP', 'PRP', 'VB', 'VBZ', 'RBR', 'RB', 'JJ', ':', 'DT', 'JJ', 'NN', 'IN', 'NNS', 'IN', 'NNS', 'IN', 'NNS', ',', 'CC', 'DT', 'JJ', 'NN', 'IN', 'NNS', 'IN', 'DT', 'JJ', 'NN', 'NN', '.']","['Your', 'intuition', 'regard', 'the', '``', 'bio-physical', 'coupling', ""''"", 'a', 'the', 'primary', 'bottleneck', 'be', 'spot', 'on', '.', 'By', 'treat', 'plastic', 'a', 'a', 'passive', 'Lagrangian', 'tracer', ',', 'we', 'be', 'essentially', 'run', 'a', '``', 'weather', 'forecast', ""''"", 'that', 'ignore', 'the', 'cloud', '—', 'the', 'biology', '—', 'which', 'dictate', 'the', 'actual', 'trajectory', 'and', 'fate', '.', 'To', 'address', 'your', 'inquiry', 'into', 'the', '``', 'point', 'of', 'no', 'return', ""''"", 'and', 'it', 'integration', 'into', 'global', 'biogeochemistry', ',', 'we', 'be', 'at', 'a', 'fascinating', 'crossroad', ':', '1', '.', 'The', '``', 'Point', 'of', 'No', 'Return', ""''"", 'Structural', 'vs.', 'Molecular', 'The', '``', 'point', 'of', 'no', 'return', ""''"", 'you', 'describe', '—', 'where', 'plastic', 'cease', 'to', 'be', 'a', 'particle', 'and', 'becomes', ',', 'effectively', ',', 'a', 'chemical', 'specie', '—', 'be', 'the', 'Nanoplastic', 'Threshold', '.', 'Current', 'kinetic', 'model', 'be', 'begin', 'to', 'recognize', 'this', ',', 'but', 'we', 'lack', 'a', 'rigorous', 'transition', 'function', '.', 'Once', 'plastic', 'reach', 'the', 'sub-micron', 'scale', ',', 'the', 'physic', 'shift', 'from', 'continuum', 'mechanic', '(', 'stress-strain', ',', 'fragmentation', ',', 'buoyance', ')', 'to', 'colloidal', 'science', '(', 'Brownian', 'motion', ',', 'van', 'der', 'Waals', 'force', ',', 'and', 'interaction', 'with', 'dissolved', 'organic', 'matter', ')', '.', 'The', 'Gap', ':', 'We', 'do', ""n't"", 'have', 'a', 'standardize', '``', 'sink', ""''"", 'term', 'for', 'these', 'particle', '.', 'Do', 'they', 'incorporate', 'into', 'marine', 'snow', '?', 'Do', 'they', 'adsorb', 'onto', 'fecal', 'pellet', '?', 'We', 'currently', 'treat', 'them', 'a', 'a', '``', 'disappearance', ""''"", 'from', 'the', 'macro-plastic', 'inventory', ',', 'but', 'we', 'lack', 'the', 'analytical', 'capability', 'to', 'track', 'them', 'a', 'a', 'distinct', '``', 'dissolve', ""''"", 'phase', 'in', 'the', 'open', 'ocean', '.', '2', '.', 'Is', 'it', 'a', 'Variable', 'in', 'the', 'Global', 'Carbon', 'Cycle', '?', 'Currently', ',', 'the', 'plastic', 'mass', 'flux', 'be', 'consider', 'a', '``', 'rounding', 'error', ""''"", 'compare', 'to', 'the', 'massive', 'cycling', 'of', 'natural', 'Particulate', 'Organic', 'Carbon', '(', 'POC', ')', '.', 'However', ',', 'there', 'be', 'two', 'reason', 'why', 'your', 'proposal', 'to', 'integrate', 'them', 'into', 'global', 'biogeochemical', 'model', 'be', 'become', 'urgent', ':', 'The', '``', 'Hitchhiker', ""''"", 'Effect', ':', 'Plastic', 'debris', 'be', 'a', 'high-surface-area', 'vehicle', '.', 'It', 'alter', 'the', 'settle', 'velocity', 'of', 'natural', 'carbon', '.', 'If', 'plastic', 'facilitates', 'the', 'transport', 'of', 'carbon', 'to', 'the', 'bathypelagic', 'zone', '(', 'by', 'act', 'a', 'a', 'ballast', 'for', 'marine', 'snow', ')', ',', 'then', 'it', 'be', 'a', 'variable', 'in', 'the', 'carbon', 'sequestration', 'equation', '.', 'We', 'be', 'essentially', 'talk', 'about', '``', 'plastic-mediated', 'carbon', 'export', '.', 'The', '``', 'Nutrient', 'Mimicry', ""''"", 'Problem', ':', 'There', 'be', 'grow', 'evidence', 'that', 'the', 'plastisphere', 'alters', 'the', 'microbial', 'metabolic', 'rate', 'of', 'the', 'ocean', '.', 'By', 'create', 'localize', '``', 'hotspots', ""''"", 'of', 'high', 'microbial', 'activity', ',', 'plastic', 'might', 'be', 'accelerate', 'the', 'oxidation', 'of', 'natural', 'organic', 'matter', '.', 'If', 'enough', 'surface', 'area', 'be', 'available', ',', 'the', 'plastisphere', 'could', 'theoretically', 'influence', 'local', 'nitrogen', 'or', 'phosphorus', 'cycling', '.', 'The', '``', 'Unified', 'Fate', ""''"", 'Model', 'We', 'be', 'move', 'toward', 'a', '``', 'Unified', 'Fate', 'Model', ""''"", 'that', 'look', 'like', 'this', ':', '1', '.', 'Transport', 'Module', ':', '(', 'Hydrodynamics', ')', '-', 'Moving', 'the', 'mass', '.', '2', '.', 'Degradation', 'Module', ':', '(', 'Photochemical/Mechanical', ')', '-', 'Decreasing', 'the', 'size', '.', '3', '.', 'Colonization', 'Module', ':', '(', 'Biogeochemical', ')', '-', 'Altering', 'the', 'buoyancy', '(', 'The', '``', 'Bio-physical', ""''"", 'bottleneck', 'you', 'identify', ')', '.', '4', '.', 'Flux', 'Module', ':', '(', 'Ecological/Sedimentary', ')', '-', 'The', 'final', 'export', 'to', 'the', 'benthos', '.', 'My', 'stance', ':', 'We', 'be', ""n't"", 'just', '``', 'on', 'the', 'verge', ""''"", 'of', 'need', 'to', 'integrate', 'this', ';', 'we', 'be', 'currently', 'fly', 'blind', '.', 'Because', 'we', 'do', ""n't"", 'have', 'a', 'reliable', 'decay', 'constant', 'for', 'plastic', '(', 'how', 'long', 'it', 'remain', 'in', 'each', 'stage', ')', ',', 'we', 'can', 'not', 'tell', 'if', 'the', '``', 'missing', ""''"", '99', '%', 'of', 'plastic', 'in', 'the', 'surface', 'water', 'have', 'sink', '(', 'sequestration', ')', 'or', 'dissolve', '(', 'nanoplastic', 'flux', ')', '.', 'The', 'big', 'question', ':', 'If', 'we', 'treat', 'the', 'ocean', 'a', 'a', 'global', 'reactor', ',', 'be', 'we', 'look', 'at', 'an', 'accumulation', 'crisis', '(', 'it', '’', 's', 'all', 'at', 'the', 'bottom', ')', 'or', 'a', 'dilution', 'crisis', '(', 'it', '’', 's', 'everywhere', 'in', 'the', 'water', 'column', 'a', 'nanoplastic', ')', '?', 'Given', 'the', 'structural', 'fatigue', 'and', 'additive', 'leaching', 'you', 'mention', ',', 'which', 'do', 'you', 'suspect', 'be', 'more', 'ecologically', 'catastrophic', ':', 'the', 'benthic', 'burial', 'of', 'million', 'of', 'ton', 'of', 'macro-plastics', ',', 'or', 'the', 'ubiquitous', 'presence', 'of', 'nanoplastics', 'in', 'the', 'pelagic', 'food', 'web', '?']",21.125,13.660504200065239,0.4970414201183432,1.0298380413419336e-05,1.2389452864192687,0.0025901942645698427,-0.9107,0.33013250506188796,0.48668639053254437,10,0.017155083233905646,0.5625,0.34375,0.03823839294758116,0.5625,LLM,2026-05-28_181446
